0.040
0.078
0.127
0.174
0.215
0.252
0.319
0.315
0.337
0.368
0.390
0.427
0.511
0.510
0.556
0.662
0.636
0.674
0.636
0.733
0.713
0.682
0.708
0.607
0.600
0.710
0.706
0.713
0.730
0.656
0.677
0.673
0.688
0.687
0.698
0.621
0.695
0.693
0.759
0.564
0.627
0.528
0.531
0.541
0.618
0.617
0.644
0.628
0.650
0.731
0.729
0.691
0.684
0.635
0.699
0.648
0.616
0.682
0.666
0.683
0.653
0.603
0.655
0.688
0.679
0.535
0.690
0.695
0.621
0.655
0.616
0.662
0.696
0.643
0.703
0.695
0.729
0.630
0.609
0.649
0.675
0.651
0.686
0.724
0.632
0.637
0.733
0.677
0.756
0.757
0.780
0.733
0.700
0.749
0.739
0.740
0.750
0.668
0.769
0.749
