0.039
0.071
0.108
0.139
0.147
0.156
0.198
0.244
0.279
0.323
0.386
0.532
0.569
0.662
0.625
0.602
0.555
0.548
0.562
0.624
0.619
0.694
0.600
0.695
0.648
0.719
0.709
0.626
0.648
0.644
0.649
0.612
0.702
0.689
0.682
0.689
0.713
0.698
0.679
0.640
0.669
0.636
0.704
0.631
0.691
0.649
0.670
0.680
0.698
0.673
0.687
0.634
0.684
0.603
0.705
0.669
0.678
0.765
0.690
0.637
0.622
0.707
0.740
0.689
0.693
0.747
0.701
0.677
0.729
0.681
0.701
0.644
0.718
0.703
0.669
0.582
0.639
0.696
0.559
0.599
0.578
0.513
0.541
0.523
0.611
0.641
0.591
0.626
0.646
0.668
0.640
0.701
0.585
0.594
0.686
0.657
0.638
0.699
0.690
0.692
