0.054
0.091
0.150
0.237
0.256
0.302
0.382
0.470
0.484
0.538
0.544
0.553
0.598
0.583
0.627
0.619
0.635
0.630
0.547
0.593
0.580
0.593
0.597
0.678
0.703
0.609
0.639
0.616
0.682
0.666
0.650
0.681
0.627
0.694
0.667
0.675
0.676
0.716
0.731
0.731
0.667
0.624
0.689
0.654
0.692
0.696
0.674
0.714
0.658
0.664
0.685
0.618
0.693
0.726
0.674
0.673
0.676
0.688
0.716
0.672
0.628
0.685
0.644
0.659
0.719
0.624
0.677
0.649
0.675
0.677
0.695
0.733
0.698
0.731
0.669
0.730
0.739
0.667
0.736
0.767
0.696
0.706
0.564
0.611
0.703
0.704
0.679
0.694
0.609
0.686
0.703
0.725
0.674
0.708
0.710
0.695
0.602
0.680
0.681
0.611
