0.038
0.075
0.129
0.183
0.229
0.257
0.304
0.332
0.388
0.488
0.454
0.540
0.576
0.515
0.491
0.596
0.512
0.630
0.621
0.597
0.653
0.679
0.696
0.725
0.650
0.714
0.722
0.697
0.678
0.698
0.693
0.697
0.691
0.742
0.573
0.726
0.781
0.771
0.744
0.735
0.694
0.780
0.762
0.740
0.706
0.761
0.672
0.726
0.694
0.679
0.735
0.720
0.703
0.667
0.646
0.706
0.724
0.728
0.744
0.703
0.705
0.707
0.642
0.732
0.694
0.682
0.767
0.689
0.730
0.635
0.755
0.750
0.691
0.710
0.713
0.707
0.694
0.753
0.667
0.676
0.759
0.759
0.728
0.751
0.645
0.663
0.613
0.655
0.731
0.641
0.715
0.738
0.745
0.722
0.674
0.703
0.727
0.733
0.705
0.676
