0.059
0.119
0.138
0.186
0.231
0.294
0.462
0.491
0.602
0.656
0.713
0.717
0.713
0.684
0.624
0.662
0.730
0.676
0.671
0.691
0.695
0.673
0.699
0.670
0.666
0.706
0.679
0.715
0.686
0.736
0.696
0.712
0.710
0.757
0.713
0.744
0.732
0.792
0.670
0.730
0.757
0.748
0.677
0.674
0.708
0.727
0.691
0.721
0.684
0.731
0.717
0.678
0.724
0.749
0.738
0.737
0.665
0.738
0.665
0.695
0.727
0.691
0.737
0.709
0.677
0.709
0.747
0.584
0.682
0.738
0.642
0.718
0.732
0.716
0.754
0.687
0.689
0.747
0.695
0.707
0.804
0.645
0.681
0.733
0.791
0.729
0.668
0.665
0.627
0.694
0.586
0.680
0.695
0.727
0.767
0.765
0.670
0.756
0.775
0.725
