0.199
0.682
0.677
0.602
0.729
0.790
0.789
0.810
0.814
0.813
0.812
0.813
0.814
0.814
0.814
0.815
0.814
0.816
0.814
0.817
0.815
0.815
0.814
0.814
0.815
0.815
0.816
0.815
0.817
0.815
0.816
0.814
0.816
0.815
0.814
0.815
0.816
0.815
0.815
0.816
0.816
0.815
0.816
0.816
0.816
0.816
0.816
0.817
0.817
0.817
0.816
0.817
0.817
0.818
0.817
0.817
0.819
0.819
0.818
0.817
0.818
0.818
0.818
0.818
0.817
0.818
0.817
0.818
0.819
0.819
0.818
0.818
0.818
0.818
0.819
0.819
0.817
0.819
0.818
0.818
0.818
0.818
0.817
0.818
0.818
0.818
0.819
0.818
0.818
0.818
0.818
0.819
0.819
0.819
0.820
0.820
0.819
0.821
0.824
0.823
