0.528
0.557
0.630
0.685
0.680
0.735
0.738
0.740
0.738
0.739
0.740
0.743
0.745
0.744
0.747
0.748
0.749
0.747
0.746
0.750
0.748
0.748
0.751
0.750
0.755
0.753
0.755
0.751
0.770
0.778
0.779
0.781
0.782
0.781
0.784
0.787
0.784
0.785
0.784
0.783
0.785
0.782
0.784
0.785
0.786
0.784
0.788
0.781
0.785
0.785
0.784
0.781
0.784
0.784
0.784
0.781
0.814
0.820
0.820
0.821
0.820
0.823
0.820
0.822
0.820
0.821
0.824
0.822
0.820
0.821
0.823
0.823
0.824
0.822
0.823
0.822
0.826
0.826
0.823
0.825
0.825
0.826
0.825
0.823
0.824
0.822
0.824
0.824
0.823
0.823
0.827
0.824
0.825
0.824
0.825
0.825
0.822
0.825
0.823
0.823
