0.248
0.801
0.796
0.804
0.802
0.814
0.816
0.817
0.817
0.819
0.817
0.817
0.818
0.818
0.817
0.817
0.817
0.818
0.820
0.817
0.817
0.818
0.817
0.819
0.818
0.819
0.818
0.817
0.818
0.820
0.817
0.820
0.819
0.818
0.820
0.817
0.818
0.819
0.818
0.818
0.818
0.819
0.818
0.819
0.817
0.818
0.819
0.818
0.818
0.818
0.817
0.818
0.818
0.818
0.819
0.819
0.821
0.819
0.818
0.818
0.817
0.818
0.818
0.818
0.818
0.819
0.819
0.819
0.818
0.819
0.821
0.818
0.818
0.818
0.818
0.819
0.818
0.819
0.824
0.821
0.822
0.825
0.824
0.824
0.828
0.826
0.826
0.826
0.825
0.826
0.824
0.827
0.825
0.826
0.826
0.826
0.826
0.826
0.826
0.827
