0.289
0.456
0.420
0.541
0.699
0.760
0.761
0.765
0.764
0.763
0.765
0.764
0.763
0.765
0.763
0.765
0.768
0.768
0.783
0.799
0.799
0.803
0.801
0.805
0.807
0.808
0.808
0.812
0.813
0.814
0.813
0.813
0.814
0.815
0.812
0.814
0.815
0.814
0.814
0.815
0.815
0.813
0.814
0.813
0.815
0.814
0.814
0.813
0.813
0.816
0.814
0.813
0.816
0.813
0.814
0.813
0.818
0.818
0.815
0.817
0.819
0.818
0.816
0.818
0.819
0.819
0.820
0.819
0.819
0.819
0.821
0.820
0.819
0.819
0.819
0.821
0.819
0.820
0.820
0.818
0.820
0.820
0.820
0.820
0.819
0.819
0.819
0.818
0.818
0.821
0.818
0.820
0.819
0.819
0.819
0.819
0.821
0.820
0.818
0.819
