0.252
0.305
0.317
0.391
0.365
0.790
0.813
0.813
0.812
0.813
0.813
0.814
0.815
0.816
0.816
0.817
0.815
0.817
0.818
0.819
0.817
0.818
0.818
0.824
0.827
0.826
0.825
0.826
0.824
0.826
0.825
0.826
0.826
0.827
0.827
0.825
0.826
0.826
0.826
0.826
0.827
0.826
0.826
0.826
0.828
0.826
0.827
0.828
0.828
0.826
0.826
0.828
0.825
0.827
0.827
0.828
0.827
0.828
0.827
0.827
0.827
0.827
0.827
0.828
0.827
0.828
0.828
0.828
0.828
0.828
0.827
0.829
0.827
0.826
0.828
0.826
0.828
0.827
0.828
0.826
0.827
0.824
0.823
0.827
0.826
0.822
0.827
0.825
0.827
0.826
0.827
0.827
0.829
0.827
0.826
0.826
0.825
0.827
0.827
0.827
