0.053
0.121
0.202
0.261
0.331
0.391
0.509
0.631
0.702
0.699
0.690
0.677
0.726
0.722
0.717
0.667
0.654
0.736
0.724
0.745
0.780
0.786
0.741
0.750
0.764
0.730
0.740
0.763
0.761
0.765
0.740
0.747
0.741
0.771
0.754
0.737
0.773
0.767
0.743
0.784
0.773
0.759
0.742
0.739
0.744
0.738
0.763
0.752
0.764
0.767
0.755
0.738
0.776
0.762
0.763
0.778
0.761
0.775
0.762
0.744
0.737
0.735
0.775
0.771
0.785
0.761
0.744
0.748
0.793
0.753
0.778
0.752
0.770
0.746
0.767
0.790
0.779
0.772
0.765
0.773
0.767
0.751
0.756
0.783
0.780
0.767
0.785
0.781
0.812
0.777
0.756
0.777
0.753
0.752
0.773
0.796
0.785
0.772
0.783
0.763
