0.055
0.109
0.228
0.326
0.494
0.623
0.672
0.651
0.648
0.608
0.666
0.716
0.724
0.712
0.718
0.713
0.671
0.675
0.680
0.683
0.712
0.710
0.712
0.717
0.679
0.715
0.721
0.702
0.668
0.704
0.726
0.687
0.675
0.682
0.663
0.722
0.717
0.710
0.690
0.672
0.736
0.678
0.715
0.730
0.680
0.720
0.724
0.688
0.704
0.696
0.692
0.692
0.723
0.697
0.727
0.691
0.682
0.727
0.703
0.681
0.712
0.731
0.726
0.683
0.731
0.730
0.743
0.730
0.701
0.771
0.726
0.704
0.741
0.731
0.728
0.734
0.750
0.725
0.698
0.724
0.783
0.752
0.708
0.702
0.737
0.712
0.701
0.710
0.767
0.709
0.762
0.740
0.750
0.723
0.741
0.746
0.751
0.753
0.743
0.749
