0.000
0.013
0.000
0.000
0.000
0.000
0.000
0.000
0.000
0.000
0.000
0.013
0.029
0.000
0.000
0.000
0.000
0.000
0.000
0.000
0.000
0.013
0.029
0.052
0.000
0.000
0.000
0.000
0.000
0.000
0.000
0.013
0.029
0.052
0.072
0.000
0.000
0.000
0.000
0.000
0.000
0.013
0.029
0.052
0.072
0.162
0.000
0.000
0.000
0.000
0.000
0.013
0.029
0.052
0.072
0.162
0.247
0.000
0.000
0.000
0.000
0.013
0.029
0.052
0.072
0.162
0.247
0.230
0.000
0.000
0.000
0.013
0.029
0.052
0.072
0.162
0.247
0.230
0.197
0.000
0.000
0.013
0.029
0.052
0.072
0.162
0.247
0.230
0.197
0.251
