0.040
0.100
0.163
0.235
0.264
0.295
0.340
0.366
0.417
0.505
0.653
0.688
0.746
0.736
0.726
0.685
0.730
0.647
0.695
0.676
0.689
0.624
0.637
0.686
0.730
0.709
0.726
0.712
0.677
0.676
0.706
0.726
0.675
0.699
0.681
0.682
0.718
0.660
0.707
0.735
0.700
0.704
0.734
0.711
0.750
0.754
0.736
0.752
0.757
0.756
0.781
0.746
0.760
0.754
0.749
0.752
0.745
0.750
0.748
0.729
0.714
0.764
0.775
0.725
0.760
0.745
0.733
0.735
0.725
0.752
0.722
0.705
0.702
0.738
0.739
0.729
0.733
0.742
0.722
0.746
0.730
0.766
0.756
0.737
0.730
0.760
0.734
0.728
0.707
0.683
0.737
0.721
0.722
0.740
0.736
0.728
0.711
0.704
0.738
0.766
