0.427
0.747
0.814
0.812
0.810
0.814
0.814
0.813
0.814
0.815
0.815
0.816
0.820
0.821
0.823
0.822
0.824
0.822
0.824
0.822
0.823
0.822
0.824
0.824
0.826
0.824
0.826
0.825
0.824
0.824
0.823
0.825
0.824
0.823
0.825
0.825
0.825
0.825
0.825
0.826
0.827
0.825
0.825
0.826
0.825
0.827
0.827
0.827
0.828
0.826
0.827
0.826
0.826
0.827
0.827
0.827
0.826
0.827
0.826
0.826
0.826
0.827
0.827
0.826
0.826
0.827
0.826
0.828
0.826
0.826
0.827
0.827
0.827
0.827
0.828
0.826
0.827
0.826
0.826
0.827
0.830
0.827
0.826
0.826
0.826
0.826
0.827
0.828
0.826
0.826
0.827
0.826
0.826
0.827
0.828
0.827
0.828
0.827
0.828
0.827
