0.433
0.815
0.813
0.813
0.816
0.816
0.818
0.818
0.820
0.819
0.822
0.820
0.823
0.822
0.823
0.823
0.825
0.825
0.825
0.826
0.825
0.827
0.825
0.826
0.827
0.826
0.827
0.826
0.826
0.827
0.826
0.826
0.826
0.827
0.827
0.826
0.827
0.828
0.827
0.827
0.828
0.827
0.828
0.826
0.825
0.826
0.827
0.827
0.826
0.828
0.826
0.827
0.827
0.826
0.826
0.826
0.827
0.827
0.828
0.827
0.827
0.827
0.827
0.828
0.827
0.826
0.827
0.826
0.826
0.827
0.826
0.827
0.826
0.827
0.827
0.828
0.828
0.827
0.825
0.826
0.829
0.825
0.826
0.827
0.828
0.826
0.827
0.826
0.826
0.827
0.826
0.826
0.825
0.826
0.827
0.827
0.826
0.828
0.828
0.828
