0.787
0.812
0.821
0.819
0.821
0.823
0.822
0.822
0.821
0.821
0.820
0.822
0.823
0.823
0.825
0.822
0.823
0.823
0.823
0.825
0.824
0.824
0.825
0.825
0.824
0.824
0.824
0.824
0.824
0.824
0.825
0.822
0.825
0.822
0.823
0.825
0.823
0.824
0.825
0.824
0.824
0.824
0.826
0.825
0.824
0.825
0.824
0.824
0.825
0.826
0.823
0.823
0.824
0.825
0.823
0.824
0.824
0.824
0.824
0.824
0.824
0.824
0.824
0.823
0.824
0.823
0.823
0.825
0.826
0.826
0.825
0.824
0.825
0.824
0.824
0.824
0.824
0.825
0.825
0.827
0.825
0.824
0.823
0.823
0.825
0.824
0.823
0.823
0.824
0.824
0.825
0.824
0.823
0.826
0.826
0.826
0.825
0.824
0.826
0.824
