0.809
0.000
0.000
0.000
0.000
0.000
0.000
0.000
0.000
0.000
0.809
0.812
0.000
0.000
0.000
0.000
0.000
0.000
0.000
0.000
0.809
0.812
0.813
0.000
0.000
0.000
0.000
0.000
0.000
0.000
0.809
0.812
0.813
0.813
0.000
0.000
0.000
0.000
0.000
0.000
0.809
0.812
0.813
0.813
0.816
0.000
0.000
0.000
0.000
0.000
0.809
0.812
0.813
0.813
0.816
0.815
0.000
0.000
0.000
0.000
0.809
0.812
0.813
0.813
0.816
0.815
0.815
0.000
0.000
0.000
0.809
0.812
0.813
0.813
0.816
0.815
0.815
0.816
0.000
0.000
0.809
0.812
0.813
0.813
0.816
0.815
0.815
0.816
0.816
0.000
